/usr/local/bin/python3.6 /Users/yu_hsuan_chen/PycharmProjects/MEMDS/analysis_clusting.py
2018-04-22 16:35:16 D source_data: {'missile': [], 'turkish': [2, 2, 2], 'catalan': [3, 3, 3, 3], 'brexit': [4, 4, 4, 4, 4, 4, 4, 4, 4, 4, 4, 4, 4, 4, 4, 4, 4, 4, 4, 4, 4, 4, 4, 4, 4, 4, 4, 4, 4, 4, 4, 4, 4, 4, 4, 4, 4, 4, 4, 4, 4, 4, 4, 4, 4, 4, 4, 4, 4, 4, 4, 4, 4, 4, 4, 4, 4, 4, 4, 4, 4, 4, 4, 4, 4, 4], 'gravitational': [], 'hk': [6, 6], 'sewol': [7, 7, 7, 7], 'syria': [8, 8, 8, 8, 8, 8, 8, 8, 8, 8], 'crimea': [9, 9, 9, 9, 9, 9, 9, 9, 9, 9, 9, 9, 9, 9, 9]}
2018-04-22 16:35:16 D source_data: {'missile': [1, 1, 1, 1, 1, 1, 1, 1, 1, 1, 1, 1, 1, 1, 1, 1, 1, 1], 'turkish': [2], 'catalan': [], 'brexit': [4, 4], 'gravitational': [], 'hk': [], 'sewol': [7, 7, 7, 7, 7, 7, 7, 7, 7], 'syria': [8, 8, 8, 8, 8, 8, 8, 8], 'crimea': [9, 9, 9, 9, 9, 9, 9, 9, 9, 9, 9, 9, 9, 9, 9, 9, 9]}
2018-04-22 16:35:16 D source_data: {'missile': [], 'turkish': [], 'catalan': [], 'brexit': [4, 4, 4], 'gravitational': [], 'hk': [], 'sewol': [], 'syria': [], 'crimea': []}
2018-04-22 16:35:16 D source_data: {'missile': [], 'turkish': [], 'catalan': [3, 3, 3], 'brexit': [4, 4, 4, 4, 4, 4, 4, 4, 4, 4, 4, 4, 4, 4, 4, 4, 4, 4, 4, 4, 4, 4, 4, 4, 4, 4, 4, 4, 4, 4], 'gravitational': [], 'hk': [6], 'sewol': [], 'syria': [], 'crimea': [9]}
2018-04-22 16:35:16 D source_data: {'missile': [], 'turkish': [], 'catalan': [], 'brexit': [4, 4], 'gravitational': [], 'hk': [], 'sewol': [], 'syria': [], 'crimea': []}
2018-04-22 16:35:16 D source_data: {'missile': [], 'turkish': [], 'catalan': [], 'brexit': [4, 4, 4, 4], 'gravitational': [], 'hk': [], 'sewol': [], 'syria': [], 'crimea': [9]}
2018-04-22 16:35:16 D source_data: {'missile': [], 'turkish': [], 'catalan': [3, 3], 'brexit': [], 'gravitational': [], 'hk': [], 'sewol': [], 'syria': [], 'crimea': []}
2018-04-22 16:35:16 D source_data: {'missile': [], 'turkish': [], 'catalan': [3, 3, 3, 3, 3, 3, 3, 3, 3, 3, 3, 3, 3, 3, 3, 3, 3, 3, 3, 3, 3, 3, 3, 3, 3, 3, 3, 3, 3, 3, 3, 3, 3, 3, 3, 3, 3, 3, 3, 3, 3, 3, 3, 3, 3], 'brexit': [4], 'gravitational': [], 'hk': [], 'sewol': [], 'syria': [], 'crimea': [9, 9, 9, 9, 9, 9, 9, 9]}
2018-04-22 16:35:16 D source_data: {'missile': [1], 'turkish': [2, 2], 'catalan': [3, 3, 3, 3], 'brexit': [4, 4, 4, 4, 4, 4, 4], 'gravitational': [], 'hk': [6], 'sewol': [], 'syria': [8, 8, 8, 8, 8], 'crimea': [9, 9, 9, 9, 9, 9, 9, 9, 9, 9, 9, 9, 9, 9, 9, 9, 9, 9, 9, 9, 9, 9, 9, 9, 9, 9, 9, 9, 9, 9, 9, 9, 9, 9, 9, 9, 9, 9, 9, 9, 9, 9, 9, 9, 9, 9, 9, 9, 9, 9, 9, 9, 9, 9, 9, 9, 9, 9, 9, 9, 9, 9, 9, 9, 9, 9, 9, 9, 9, 9, 9, 9, 9, 9, 9, 9, 9, 9, 9, 9, 9, 9, 9, 9, 9, 9, 9, 9, 9, 9, 9, 9, 9, 9, 9, 9, 9, 9, 9, 9, 9, 9, 9, 9, 9, 9, 9, 9]}
2018-04-22 16:35:16 D source_data: {'missile': [], 'turkish': [], 'catalan': [3, 3, 3], 'brexit': [4], 'gravitational': [], 'hk': [], 'sewol': [], 'syria': [8, 8], 'crimea': [9, 9, 9, 9, 9, 9, 9, 9, 9, 9, 9, 9, 9, 9, 9, 9, 9, 9, 9, 9, 9, 9, 9, 9, 9]}
2018-04-22 16:35:16 D source_data: {'missile': [], 'turkish': [], 'catalan': [], 'brexit': [], 'gravitational': [5, 5, 5, 5, 5, 5, 5, 5], 'hk': [], 'sewol': [], 'syria': [], 'crimea': []}
2018-04-22 16:35:16 D source_data: {'missile': [], 'turkish': [], 'catalan': [], 'brexit': [], 'gravitational': [5, 5], 'hk': [], 'sewol': [], 'syria': [], 'crimea': []}
2018-04-22 16:35:16 D source_data: {'missile': [], 'turkish': [], 'catalan': [], 'brexit': [4], 'gravitational': [], 'hk': [6], 'sewol': [], 'syria': [], 'crimea': [9]}
2018-04-22 16:35:16 D source_data: {'missile': [], 'turkish': [], 'catalan': [], 'brexit': [], 'gravitational': [], 'hk': [6, 6, 6, 6, 6, 6, 6, 6, 6, 6, 6, 6, 6, 6, 6, 6, 6, 6, 6, 6, 6, 6, 6, 6, 6, 6, 6, 6, 6, 6, 6, 6, 6, 6, 6, 6, 6, 6, 6, 6, 6, 6, 6, 6, 6, 6, 6, 6], 'sewol': [], 'syria': [], 'crimea': [9, 9, 9, 9, 9, 9, 9, 9, 9, 9, 9, 9, 9, 9, 9, 9, 9, 9]}
2018-04-22 16:35:16 D source_data: {'missile': [], 'turkish': [], 'catalan': [3, 3, 3, 3, 3, 3, 3, 3, 3, 3, 3, 3, 3, 3, 3, 3, 3, 3, 3, 3, 3, 3, 3, 3, 3, 3, 3, 3], 'brexit': [], 'gravitational': [], 'hk': [6, 6, 6, 6, 6, 6, 6, 6, 6, 6, 6, 6, 6, 6, 6, 6, 6, 6], 'sewol': [], 'syria': [], 'crimea': [9, 9, 9, 9, 9, 9]}
2018-04-22 16:35:16 D source_data: {'missile': [], 'turkish': [], 'catalan': [], 'brexit': [], 'gravitational': [], 'hk': [], 'sewol': [7, 7, 7, 7, 7, 7, 7, 7, 7, 7, 7, 7, 7, 7], 'syria': [], 'crimea': []}
2018-04-22 16:35:16 D source_data: {'missile': [], 'turkish': [], 'catalan': [], 'brexit': [], 'gravitational': [], 'hk': [], 'sewol': [], 'syria': [8, 8, 8, 8, 8, 8, 8], 'crimea': []}
2018-04-22 16:35:16 D source_data: {'missile': [1, 1, 1, 1, 1], 'turkish': [2, 2, 2, 2, 2, 2, 2, 2, 2], 'catalan': [], 'brexit': [4], 'gravitational': [], 'hk': [], 'sewol': [7, 7, 7, 7, 7, 7, 7, 7, 7], 'syria': [8, 8, 8, 8, 8, 8, 8, 8, 8, 8, 8, 8, 8, 8, 8, 8, 8, 8, 8, 8, 8, 8, 8, 8, 8, 8, 8], 'crimea': [9, 9, 9, 9, 9, 9, 9, 9, 9, 9, 9]}
2018-04-22 16:35:16 D source_data: {'missile': [], 'turkish': [2, 2, 2, 2, 2, 2, 2, 2, 2, 2, 2, 2, 2, 2, 2], 'catalan': [], 'brexit': [4, 4], 'gravitational': [], 'hk': [6], 'sewol': [], 'syria': [], 'crimea': [9, 9, 9, 9, 9, 9, 9, 9, 9, 9, 9]}
2018-04-22 16:35:16 D temp: [{'brexit': [4, 4, 4, 4, 4, 4, 4, 4, 4, 4, 4, 4, 4, 4, 4, 4, 4, 4, 4, 4, 4, 4, 4, 4, 4, 4, 4, 4, 4, 4, 4, 4, 4, 4, 4, 4, 4, 4, 4, 4, 4, 4, 4, 4, 4, 4, 4, 4, 4, 4, 4, 4, 4, 4, 4, 4, 4, 4, 4, 4, 4, 4, 4, 4, 4, 4, 9, 9, 9, 9, 9, 9, 9, 9, 9, 9, 9, 9, 9, 9, 9, 8, 8, 8, 8, 8, 8, 8, 8, 8, 8, 3, 3, 3, 3, 7, 7, 7, 7, 2, 2, 2, 6, 6]}, {'missile': [1, 1, 1, 1, 1, 1, 1, 1, 1, 1, 1, 1, 1, 1, 1, 1, 1, 1, 9, 9, 9, 9, 9, 9, 9, 9, 9, 9, 9, 9, 9, 9, 9, 9, 9, 7, 7, 7, 7, 7, 7, 7, 7, 7, 8, 8, 8, 8, 8, 8, 8, 8, 4, 4, 2]}, {'brexit': [4, 4, 4]}, {'brexit': [4, 4, 4, 4, 4, 4, 4, 4, 4, 4, 4, 4, 4, 4, 4, 4, 4, 4, 4, 4, 4, 4, 4, 4, 4, 4, 4, 4, 4, 4, 3, 3, 3, 6, 9]}, {'brexit': [4, 4]}, {'brexit': [4, 4, 4, 4, 9]}, {'catalan': [3, 3]}, {'catalan': [3, 3, 3, 3, 3, 3, 3, 3, 3, 3, 3, 3, 3, 3, 3, 3, 3, 3, 3, 3, 3, 3, 3, 3, 3, 3, 3, 3, 3, 3, 3, 3, 3, 3, 3, 3, 3, 3, 3, 3, 3, 3, 3, 3, 3, 9, 9, 9, 9, 9, 9, 9, 9, 4]}, {'crimea': [9, 9, 9, 9, 9, 9, 9, 9, 9, 9, 9, 9, 9, 9, 9, 9, 9, 9, 9, 9, 9, 9, 9, 9, 9, 9, 9, 9, 9, 9, 9, 9, 9, 9, 9, 9, 9, 9, 9, 9, 9, 9, 9, 9, 9, 9, 9, 9, 9, 9, 9, 9, 9, 9, 9, 9, 9, 9, 9, 9, 9, 9, 9, 9, 9, 9, 9, 9, 9, 9, 9, 9, 9, 9, 9, 9, 9, 9, 9, 9, 9, 9, 9, 9, 9, 9, 9, 9, 9, 9, 9, 9, 9, 9, 9, 9, 9, 9, 9, 9, 9, 9, 9, 9, 9, 9, 9, 9, 4, 4, 4, 4, 4, 4, 4, 8, 8, 8, 8, 8, 3, 3, 3, 3, 2, 2, 1, 6]}, {'crimea': [9, 9, 9, 9, 9, 9, 9, 9, 9, 9, 9, 9, 9, 9, 9, 9, 9, 9, 9, 9, 9, 9, 9, 9, 9, 3, 3, 3, 8, 8, 4]}, {'gravitational': [5, 5, 5, 5, 5, 5, 5, 5]}, {'gravitational': [5, 5]}, {'brexit': [4, 6, 9]}, {'hk': [6, 6, 6, 6, 6, 6, 6, 6, 6, 6, 6, 6, 6, 6, 6, 6, 6, 6, 6, 6, 6, 6, 6, 6, 6, 6, 6, 6, 6, 6, 6, 6, 6, 6, 6, 6, 6, 6, 6, 6, 6, 6, 6, 6, 6, 6, 6, 6, 9, 9, 9, 9, 9, 9, 9, 9, 9, 9, 9, 9, 9, 9, 9, 9, 9, 9]}, {'catalan': [3, 3, 3, 3, 3, 3, 3, 3, 3, 3, 3, 3, 3, 3, 3, 3, 3, 3, 3, 3, 3, 3, 3, 3, 3, 3, 3, 3, 6, 6, 6, 6, 6, 6, 6, 6, 6, 6, 6, 6, 6, 6, 6, 6, 6, 6, 9, 9, 9, 9, 9, 9]}, {'sewol': [7, 7, 7, 7, 7, 7, 7, 7, 7, 7, 7, 7, 7, 7]}, {'syria': [8, 8, 8, 8, 8, 8, 8]}, {'syria': [8, 8, 8, 8, 8, 8, 8, 8, 8, 8, 8, 8, 8, 8, 8, 8, 8, 8, 8, 8, 8, 8, 8, 8, 8, 8, 8, 9, 9, 9, 9, 9, 9, 9, 9, 9, 9, 9, 2, 2, 2, 2, 2, 2, 2, 2, 2, 7, 7, 7, 7, 7, 7, 7, 7, 7, 1, 1, 1, 1, 1, 4]}, {'turkish': [2, 2, 2, 2, 2, 2, 2, 2, 2, 2, 2, 2, 2, 2, 2, 9, 9, 9, 9, 9, 9, 9, 9, 9, 9, 9, 4, 4, 6]}]
2018-04-22 16:35:16 D =============================================

2018-04-22 16:35:16 D group 0 is: {'brexit': [4, 4, 4, 4, 4, 4, 4, 4, 4, 4, 4, 4, 4, 4, 4, 4, 4, 4, 4, 4, 4, 4, 4, 4, 4, 4, 4, 4, 4, 4, 4, 4, 4, 4, 4, 4, 4, 4, 4, 4, 4, 4, 4, 4, 4, 4, 4, 4, 4, 4, 4, 4, 4, 4, 4, 4, 4, 4, 4, 4, 4, 4, 4, 4, 4, 4, 9, 9, 9, 9, 9, 9, 9, 9, 9, 9, 9, 9, 9, 9, 9, 8, 8, 8, 8, 8, 8, 8, 8, 8, 8, 3, 3, 3, 3, 7, 7, 7, 7, 2, 2, 2, 6, 6]}
2018-04-22 16:35:16 D group 1 is: {'missile': [1, 1, 1, 1, 1, 1, 1, 1, 1, 1, 1, 1, 1, 1, 1, 1, 1, 1, 9, 9, 9, 9, 9, 9, 9, 9, 9, 9, 9, 9, 9, 9, 9, 9, 9, 7, 7, 7, 7, 7, 7, 7, 7, 7, 8, 8, 8, 8, 8, 8, 8, 8, 4, 4, 2]}
2018-04-22 16:35:16 D group 2 is: {'brexit': [4, 4, 4]}
2018-04-22 16:35:16 D group 3 is: {'brexit': [4, 4, 4, 4, 4, 4, 4, 4, 4, 4, 4, 4, 4, 4, 4, 4, 4, 4, 4, 4, 4, 4, 4, 4, 4, 4, 4, 4, 4, 4, 3, 3, 3, 6, 9]}
2018-04-22 16:35:16 D group 4 is: {'brexit': [4, 4]}
2018-04-22 16:35:16 D group 5 is: {'brexit': [4, 4, 4, 4, 9]}
2018-04-22 16:35:16 D group 6 is: {'catalan': [3, 3]}
2018-04-22 16:35:16 D group 7 is: {'catalan': [3, 3, 3, 3, 3, 3, 3, 3, 3, 3, 3, 3, 3, 3, 3, 3, 3, 3, 3, 3, 3, 3, 3, 3, 3, 3, 3, 3, 3, 3, 3, 3, 3, 3, 3, 3, 3, 3, 3, 3, 3, 3, 3, 3, 3, 9, 9, 9, 9, 9, 9, 9, 9, 4]}
2018-04-22 16:35:16 D group 8 is: {'crimea': [9, 9, 9, 9, 9, 9, 9, 9, 9, 9, 9, 9, 9, 9, 9, 9, 9, 9, 9, 9, 9, 9, 9, 9, 9, 9, 9, 9, 9, 9, 9, 9, 9, 9, 9, 9, 9, 9, 9, 9, 9, 9, 9, 9, 9, 9, 9, 9, 9, 9, 9, 9, 9, 9, 9, 9, 9, 9, 9, 9, 9, 9, 9, 9, 9, 9, 9, 9, 9, 9, 9, 9, 9, 9, 9, 9, 9, 9, 9, 9, 9, 9, 9, 9, 9, 9, 9, 9, 9, 9, 9, 9, 9, 9, 9, 9, 9, 9, 9, 9, 9, 9, 9, 9, 9, 9, 9, 9, 4, 4, 4, 4, 4, 4, 4, 8, 8, 8, 8, 8, 3, 3, 3, 3, 2, 2, 1, 6]}
2018-04-22 16:35:16 D group 9 is: {'crimea': [9, 9, 9, 9, 9, 9, 9, 9, 9, 9, 9, 9, 9, 9, 9, 9, 9, 9, 9, 9, 9, 9, 9, 9, 9, 3, 3, 3, 8, 8, 4]}
2018-04-22 16:35:16 D group 10 is: {'gravitational': [5, 5, 5, 5, 5, 5, 5, 5]}
2018-04-22 16:35:16 D group 11 is: {'gravitational': [5, 5]}
2018-04-22 16:35:16 D group 12 is: {'brexit': [4, 6, 9]}
2018-04-22 16:35:16 D group 13 is: {'hk': [6, 6, 6, 6, 6, 6, 6, 6, 6, 6, 6, 6, 6, 6, 6, 6, 6, 6, 6, 6, 6, 6, 6, 6, 6, 6, 6, 6, 6, 6, 6, 6, 6, 6, 6, 6, 6, 6, 6, 6, 6, 6, 6, 6, 6, 6, 6, 6, 9, 9, 9, 9, 9, 9, 9, 9, 9, 9, 9, 9, 9, 9, 9, 9, 9, 9]}
2018-04-22 16:35:16 D group 14 is: {'catalan': [3, 3, 3, 3, 3, 3, 3, 3, 3, 3, 3, 3, 3, 3, 3, 3, 3, 3, 3, 3, 3, 3, 3, 3, 3, 3, 3, 3, 6, 6, 6, 6, 6, 6, 6, 6, 6, 6, 6, 6, 6, 6, 6, 6, 6, 6, 9, 9, 9, 9, 9, 9]}
2018-04-22 16:35:16 D group 15 is: {'sewol': [7, 7, 7, 7, 7, 7, 7, 7, 7, 7, 7, 7, 7, 7]}
2018-04-22 16:35:16 D group 16 is: {'syria': [8, 8, 8, 8, 8, 8, 8]}
2018-04-22 16:35:16 D group 17 is: {'syria': [8, 8, 8, 8, 8, 8, 8, 8, 8, 8, 8, 8, 8, 8, 8, 8, 8, 8, 8, 8, 8, 8, 8, 8, 8, 8, 8, 9, 9, 9, 9, 9, 9, 9, 9, 9, 9, 9, 2, 2, 2, 2, 2, 2, 2, 2, 2, 7, 7, 7, 7, 7, 7, 7, 7, 7, 1, 1, 1, 1, 1, 4]}
2018-04-22 16:35:16 D group 18 is: {'turkish': [2, 2, 2, 2, 2, 2, 2, 2, 2, 2, 2, 2, 2, 2, 2, 9, 9, 9, 9, 9, 9, 9, 9, 9, 9, 9, 4, 4, 6]}
2018-04-22 16:35:16 D =============================================

2018-04-22 16:35:16 D temp_group_list: [{'missile': [1, 1, 1, 1, 1, 1, 1, 1, 1, 1, 1, 1, 1, 1, 1, 1, 1, 1, 9, 9, 9, 9, 9, 9, 9, 9, 9, 9, 9, 9, 9, 9, 9, 9, 9, 7, 7, 7, 7, 7, 7, 7, 7, 7, 8, 8, 8, 8, 8, 8, 8, 8, 4, 4, 2]}]
2018-04-22 16:35:16 D system_group: {'missile': [1, 1, 1, 1, 1, 1, 1, 1, 1, 1, 1, 1, 1, 1, 1, 1, 1, 1, 9, 9, 9, 9, 9, 9, 9, 9, 9, 9, 9, 9, 9, 9, 9, 9, 9, 7, 7, 7, 7, 7, 7, 7, 7, 7, 8, 8, 8, 8, 8, 8, 8, 8, 4, 4, 2]}
2018-04-22 16:35:16 D


2018-04-22 16:35:16 D temp_group_list: [{'turkish': [2, 2, 2, 2, 2, 2, 2, 2, 2, 2, 2, 2, 2, 2, 2, 9, 9, 9, 9, 9, 9, 9, 9, 9, 9, 9, 4, 4, 6]}]
2018-04-22 16:35:16 D system_group: {'missile': [1, 1, 1, 1, 1, 1, 1, 1, 1, 1, 1, 1, 1, 1, 1, 1, 1, 1, 9, 9, 9, 9, 9, 9, 9, 9, 9, 9, 9, 9, 9, 9, 9, 9, 9, 7, 7, 7, 7, 7, 7, 7, 7, 7, 8, 8, 8, 8, 8, 8, 8, 8, 4, 4, 2], 'turkish': [2, 2, 2, 2, 2, 2, 2, 2, 2, 2, 2, 2, 2, 2, 2, 9, 9, 9, 9, 9, 9, 9, 9, 9, 9, 9, 4, 4, 6]}
2018-04-22 16:35:16 D


2018-04-22 16:35:16 D temp_group_list: [{'catalan': [3, 3]}, {'catalan': [3, 3, 3, 3, 3, 3, 3, 3, 3, 3, 3, 3, 3, 3, 3, 3, 3, 3, 3, 3, 3, 3, 3, 3, 3, 3, 3, 3, 3, 3, 3, 3, 3, 3, 3, 3, 3, 3, 3, 3, 3, 3, 3, 3, 3, 9, 9, 9, 9, 9, 9, 9, 9, 4]}, {'catalan': [3, 3, 3, 3, 3, 3, 3, 3, 3, 3, 3, 3, 3, 3, 3, 3, 3, 3, 3, 3, 3, 3, 3, 3, 3, 3, 3, 3, 6, 6, 6, 6, 6, 6, 6, 6, 6, 6, 6, 6, 6, 6, 6, 6, 6, 6, 9, 9, 9, 9, 9, 9]}]
2018-04-22 16:35:16 D event_num: 2
2018-04-22 16:35:16 D event_num: 2
2018-04-22 16:35:16 D event_num: 2
2018-04-22 16:35:16 D [0, 1, 2] [2, 45, 28] [2, 54, 52]
2018-04-22 16:35:16 D select_one: 1
2018-04-22 16:35:16 D system_group: {'missile': [1, 1, 1, 1, 1, 1, 1, 1, 1, 1, 1, 1, 1, 1, 1, 1, 1, 1, 9, 9, 9, 9, 9, 9, 9, 9, 9, 9, 9, 9, 9, 9, 9, 9, 9, 7, 7, 7, 7, 7, 7, 7, 7, 7, 8, 8, 8, 8, 8, 8, 8, 8, 4, 4, 2], 'turkish': [2, 2, 2, 2, 2, 2, 2, 2, 2, 2, 2, 2, 2, 2, 2, 9, 9, 9, 9, 9, 9, 9, 9, 9, 9, 9, 4, 4, 6], 'catalan': [3, 3, 3, 3, 3, 3, 3, 3, 3, 3, 3, 3, 3, 3, 3, 3, 3, 3, 3, 3, 3, 3, 3, 3, 3, 3, 3, 3, 3, 3, 3, 3, 3, 3, 3, 3, 3, 3, 3, 3, 3, 3, 3, 3, 3, 9, 9, 9, 9, 9, 9, 9, 9, 4]}
2018-04-22 16:35:16 D


2018-04-22 16:35:16 D temp_group_list: [{'brexit': [4, 4, 4, 4, 4, 4, 4, 4, 4, 4, 4, 4, 4, 4, 4, 4, 4, 4, 4, 4, 4, 4, 4, 4, 4, 4, 4, 4, 4, 4, 4, 4, 4, 4, 4, 4, 4, 4, 4, 4, 4, 4, 4, 4, 4, 4, 4, 4, 4, 4, 4, 4, 4, 4, 4, 4, 4, 4, 4, 4, 4, 4, 4, 4, 4, 4, 9, 9, 9, 9, 9, 9, 9, 9, 9, 9, 9, 9, 9, 9, 9, 8, 8, 8, 8, 8, 8, 8, 8, 8, 8, 3, 3, 3, 3, 7, 7, 7, 7, 2, 2, 2, 6, 6]}, {'brexit': [4, 4, 4]}, {'brexit': [4, 4, 4, 4, 4, 4, 4, 4, 4, 4, 4, 4, 4, 4, 4, 4, 4, 4, 4, 4, 4, 4, 4, 4, 4, 4, 4, 4, 4, 4, 3, 3, 3, 6, 9]}, {'brexit': [4, 4]}, {'brexit': [4, 4, 4, 4, 9]}, {'brexit': [4, 6, 9]}]
2018-04-22 16:35:16 D event_num: 3
2018-04-22 16:35:16 D event_num: 3
2018-04-22 16:35:16 D event_num: 3
2018-04-22 16:35:16 D event_num: 3
2018-04-22 16:35:16 D event_num: 3
2018-04-22 16:35:16 D event_num: 3
2018-04-22 16:35:16 D [0, 1, 2, 3, 4, 5] [66, 3, 30, 2, 4, 1] [104, 3, 35, 2, 5, 3]
2018-04-22 16:35:16 D select_one: 0
2018-04-22 16:35:16 D system_group: {'missile': [1, 1, 1, 1, 1, 1, 1, 1, 1, 1, 1, 1, 1, 1, 1, 1, 1, 1, 9, 9, 9, 9, 9, 9, 9, 9, 9, 9, 9, 9, 9, 9, 9, 9, 9, 7, 7, 7, 7, 7, 7, 7, 7, 7, 8, 8, 8, 8, 8, 8, 8, 8, 4, 4, 2], 'turkish': [2, 2, 2, 2, 2, 2, 2, 2, 2, 2, 2, 2, 2, 2, 2, 9, 9, 9, 9, 9, 9, 9, 9, 9, 9, 9, 4, 4, 6], 'catalan': [3, 3, 3, 3, 3, 3, 3, 3, 3, 3, 3, 3, 3, 3, 3, 3, 3, 3, 3, 3, 3, 3, 3, 3, 3, 3, 3, 3, 3, 3, 3, 3, 3, 3, 3, 3, 3, 3, 3, 3, 3, 3, 3, 3, 3, 9, 9, 9, 9, 9, 9, 9, 9, 4], 'brexit': [4, 4, 4, 4, 4, 4, 4, 4, 4, 4, 4, 4, 4, 4, 4, 4, 4, 4, 4, 4, 4, 4, 4, 4, 4, 4, 4, 4, 4, 4, 4, 4, 4, 4, 4, 4, 4, 4, 4, 4, 4, 4, 4, 4, 4, 4, 4, 4, 4, 4, 4, 4, 4, 4, 4, 4, 4, 4, 4, 4, 4, 4, 4, 4, 4, 4, 9, 9, 9, 9, 9, 9, 9, 9, 9, 9, 9, 9, 9, 9, 9, 8, 8, 8, 8, 8, 8, 8, 8, 8, 8, 3, 3, 3, 3, 7, 7, 7, 7, 2, 2, 2, 6, 6]}
2018-04-22 16:35:16 D


2018-04-22 16:35:16 D temp_group_list: [{'gravitational': [5, 5, 5, 5, 5, 5, 5, 5]}, {'gravitational': [5, 5]}]
2018-04-22 16:35:16 D event_num: 4
2018-04-22 16:35:16 D event_num: 4
2018-04-22 16:35:16 D [0, 1] [8, 2] [8, 2]
2018-04-22 16:35:16 D select_one: 0
2018-04-22 16:35:16 D system_group: {'missile': [1, 1, 1, 1, 1, 1, 1, 1, 1, 1, 1, 1, 1, 1, 1, 1, 1, 1, 9, 9, 9, 9, 9, 9, 9, 9, 9, 9, 9, 9, 9, 9, 9, 9, 9, 7, 7, 7, 7, 7, 7, 7, 7, 7, 8, 8, 8, 8, 8, 8, 8, 8, 4, 4, 2], 'turkish': [2, 2, 2, 2, 2, 2, 2, 2, 2, 2, 2, 2, 2, 2, 2, 9, 9, 9, 9, 9, 9, 9, 9, 9, 9, 9, 4, 4, 6], 'catalan': [3, 3, 3, 3, 3, 3, 3, 3, 3, 3, 3, 3, 3, 3, 3, 3, 3, 3, 3, 3, 3, 3, 3, 3, 3, 3, 3, 3, 3, 3, 3, 3, 3, 3, 3, 3, 3, 3, 3, 3, 3, 3, 3, 3, 3, 9, 9, 9, 9, 9, 9, 9, 9, 4], 'brexit': [4, 4, 4, 4, 4, 4, 4, 4, 4, 4, 4, 4, 4, 4, 4, 4, 4, 4, 4, 4, 4, 4, 4, 4, 4, 4, 4, 4, 4, 4, 4, 4, 4, 4, 4, 4, 4, 4, 4, 4, 4, 4, 4, 4, 4, 4, 4, 4, 4, 4, 4, 4, 4, 4, 4, 4, 4, 4, 4, 4, 4, 4, 4, 4, 4, 4, 9, 9, 9, 9, 9, 9, 9, 9, 9, 9, 9, 9, 9, 9, 9, 8, 8, 8, 8, 8, 8, 8, 8, 8, 8, 3, 3, 3, 3, 7, 7, 7, 7, 2, 2, 2, 6, 6], 'gravitational': [5, 5, 5, 5, 5, 5, 5, 5]}
2018-04-22 16:35:16 D


2018-04-22 16:35:16 D temp_group_list: [{'hk': [6, 6, 6, 6, 6, 6, 6, 6, 6, 6, 6, 6, 6, 6, 6, 6, 6, 6, 6, 6, 6, 6, 6, 6, 6, 6, 6, 6, 6, 6, 6, 6, 6, 6, 6, 6, 6, 6, 6, 6, 6, 6, 6, 6, 6, 6, 6, 6, 9, 9, 9, 9, 9, 9, 9, 9, 9, 9, 9, 9, 9, 9, 9, 9, 9, 9]}]
2018-04-22 16:35:16 D system_group: {'missile': [1, 1, 1, 1, 1, 1, 1, 1, 1, 1, 1, 1, 1, 1, 1, 1, 1, 1, 9, 9, 9, 9, 9, 9, 9, 9, 9, 9, 9, 9, 9, 9, 9, 9, 9, 7, 7, 7, 7, 7, 7, 7, 7, 7, 8, 8, 8, 8, 8, 8, 8, 8, 4, 4, 2], 'turkish': [2, 2, 2, 2, 2, 2, 2, 2, 2, 2, 2, 2, 2, 2, 2, 9, 9, 9, 9, 9, 9, 9, 9, 9, 9, 9, 4, 4, 6], 'catalan': [3, 3, 3, 3, 3, 3, 3, 3, 3, 3, 3, 3, 3, 3, 3, 3, 3, 3, 3, 3, 3, 3, 3, 3, 3, 3, 3, 3, 3, 3, 3, 3, 3, 3, 3, 3, 3, 3, 3, 3, 3, 3, 3, 3, 3, 9, 9, 9, 9, 9, 9, 9, 9, 4], 'brexit': [4, 4, 4, 4, 4, 4, 4, 4, 4, 4, 4, 4, 4, 4, 4, 4, 4, 4, 4, 4, 4, 4, 4, 4, 4, 4, 4, 4, 4, 4, 4, 4, 4, 4, 4, 4, 4, 4, 4, 4, 4, 4, 4, 4, 4, 4, 4, 4, 4, 4, 4, 4, 4, 4, 4, 4, 4, 4, 4, 4, 4, 4, 4, 4, 4, 4, 9, 9, 9, 9, 9, 9, 9, 9, 9, 9, 9, 9, 9, 9, 9, 8, 8, 8, 8, 8, 8, 8, 8, 8, 8, 3, 3, 3, 3, 7, 7, 7, 7, 2, 2, 2, 6, 6], 'gravitational': [5, 5, 5, 5, 5, 5, 5, 5], 'hk': [6, 6, 6, 6, 6, 6, 6, 6, 6, 6, 6, 6, 6, 6, 6, 6, 6, 6, 6, 6, 6, 6, 6, 6, 6, 6, 6, 6, 6, 6, 6, 6, 6, 6, 6, 6, 6, 6, 6, 6, 6, 6, 6, 6, 6, 6, 6, 6, 9, 9, 9, 9, 9, 9, 9, 9, 9, 9, 9, 9, 9, 9, 9, 9, 9, 9]}
2018-04-22 16:35:16 D


2018-04-22 16:35:16 D temp_group_list: [{'sewol': [7, 7, 7, 7, 7, 7, 7, 7, 7, 7, 7, 7, 7, 7]}]
2018-04-22 16:35:16 D system_group: {'missile': [1, 1, 1, 1, 1, 1, 1, 1, 1, 1, 1, 1, 1, 1, 1, 1, 1, 1, 9, 9, 9, 9, 9, 9, 9, 9, 9, 9, 9, 9, 9, 9, 9, 9, 9, 7, 7, 7, 7, 7, 7, 7, 7, 7, 8, 8, 8, 8, 8, 8, 8, 8, 4, 4, 2], 'turkish': [2, 2, 2, 2, 2, 2, 2, 2, 2, 2, 2, 2, 2, 2, 2, 9, 9, 9, 9, 9, 9, 9, 9, 9, 9, 9, 4, 4, 6], 'catalan': [3, 3, 3, 3, 3, 3, 3, 3, 3, 3, 3, 3, 3, 3, 3, 3, 3, 3, 3, 3, 3, 3, 3, 3, 3, 3, 3, 3, 3, 3, 3, 3, 3, 3, 3, 3, 3, 3, 3, 3, 3, 3, 3, 3, 3, 9, 9, 9, 9, 9, 9, 9, 9, 4], 'brexit': [4, 4, 4, 4, 4, 4, 4, 4, 4, 4, 4, 4, 4, 4, 4, 4, 4, 4, 4, 4, 4, 4, 4, 4, 4, 4, 4, 4, 4, 4, 4, 4, 4, 4, 4, 4, 4, 4, 4, 4, 4, 4, 4, 4, 4, 4, 4, 4, 4, 4, 4, 4, 4, 4, 4, 4, 4, 4, 4, 4, 4, 4, 4, 4, 4, 4, 9, 9, 9, 9, 9, 9, 9, 9, 9, 9, 9, 9, 9, 9, 9, 8, 8, 8, 8, 8, 8, 8, 8, 8, 8, 3, 3, 3, 3, 7, 7, 7, 7, 2, 2, 2, 6, 6], 'gravitational': [5, 5, 5, 5, 5, 5, 5, 5], 'hk': [6, 6, 6, 6, 6, 6, 6, 6, 6, 6, 6, 6, 6, 6, 6, 6, 6, 6, 6, 6, 6, 6, 6, 6, 6, 6, 6, 6, 6, 6, 6, 6, 6, 6, 6, 6, 6, 6, 6, 6, 6, 6, 6, 6, 6, 6, 6, 6, 9, 9, 9, 9, 9, 9, 9, 9, 9, 9, 9, 9, 9, 9, 9, 9, 9, 9], 'sewol': [7, 7, 7, 7, 7, 7, 7, 7, 7, 7, 7, 7, 7, 7]}
2018-04-22 16:35:16 D


2018-04-22 16:35:16 D temp_group_list: [{'syria': [8, 8, 8, 8, 8, 8, 8]}, {'syria': [8, 8, 8, 8, 8, 8, 8, 8, 8, 8, 8, 8, 8, 8, 8, 8, 8, 8, 8, 8, 8, 8, 8, 8, 8, 8, 8, 9, 9, 9, 9, 9, 9, 9, 9, 9, 9, 9, 2, 2, 2, 2, 2, 2, 2, 2, 2, 7, 7, 7, 7, 7, 7, 7, 7, 7, 1, 1, 1, 1, 1, 4]}]
2018-04-22 16:35:16 D event_num: 7
2018-04-22 16:35:16 D event_num: 7
2018-04-22 16:35:16 D [0, 1] [7, 27] [7, 62]
2018-04-22 16:35:16 D select_one: 1
2018-04-22 16:35:16 D system_group: {'missile': [1, 1, 1, 1, 1, 1, 1, 1, 1, 1, 1, 1, 1, 1, 1, 1, 1, 1, 9, 9, 9, 9, 9, 9, 9, 9, 9, 9, 9, 9, 9, 9, 9, 9, 9, 7, 7, 7, 7, 7, 7, 7, 7, 7, 8, 8, 8, 8, 8, 8, 8, 8, 4, 4, 2], 'turkish': [2, 2, 2, 2, 2, 2, 2, 2, 2, 2, 2, 2, 2, 2, 2, 9, 9, 9, 9, 9, 9, 9, 9, 9, 9, 9, 4, 4, 6], 'catalan': [3, 3, 3, 3, 3, 3, 3, 3, 3, 3, 3, 3, 3, 3, 3, 3, 3, 3, 3, 3, 3, 3, 3, 3, 3, 3, 3, 3, 3, 3, 3, 3, 3, 3, 3, 3, 3, 3, 3, 3, 3, 3, 3, 3, 3, 9, 9, 9, 9, 9, 9, 9, 9, 4], 'brexit': [4, 4, 4, 4, 4, 4, 4, 4, 4, 4, 4, 4, 4, 4, 4, 4, 4, 4, 4, 4, 4, 4, 4, 4, 4, 4, 4, 4, 4, 4, 4, 4, 4, 4, 4, 4, 4, 4, 4, 4, 4, 4, 4, 4, 4, 4, 4, 4, 4, 4, 4, 4, 4, 4, 4, 4, 4, 4, 4, 4, 4, 4, 4, 4, 4, 4, 9, 9, 9, 9, 9, 9, 9, 9, 9, 9, 9, 9, 9, 9, 9, 8, 8, 8, 8, 8, 8, 8, 8, 8, 8, 3, 3, 3, 3, 7, 7, 7, 7, 2, 2, 2, 6, 6], 'gravitational': [5, 5, 5, 5, 5, 5, 5, 5], 'hk': [6, 6, 6, 6, 6, 6, 6, 6, 6, 6, 6, 6, 6, 6, 6, 6, 6, 6, 6, 6, 6, 6, 6, 6, 6, 6, 6, 6, 6, 6, 6, 6, 6, 6, 6, 6, 6, 6, 6, 6, 6, 6, 6, 6, 6, 6, 6, 6, 9, 9, 9, 9, 9, 9, 9, 9, 9, 9, 9, 9, 9, 9, 9, 9, 9, 9], 'sewol': [7, 7, 7, 7, 7, 7, 7, 7, 7, 7, 7, 7, 7, 7], 'syria': [8, 8, 8, 8, 8, 8, 8, 8, 8, 8, 8, 8, 8, 8, 8, 8, 8, 8, 8, 8, 8, 8, 8, 8, 8, 8, 8, 9, 9, 9, 9, 9, 9, 9, 9, 9, 9, 9, 2, 2, 2, 2, 2, 2, 2, 2, 2, 7, 7, 7, 7, 7, 7, 7, 7, 7, 1, 1, 1, 1, 1, 4]}
2018-04-22 16:35:16 D


2018-04-22 16:35:16 D temp_group_list: [{'crimea': [9, 9, 9, 9, 9, 9, 9, 9, 9, 9, 9, 9, 9, 9, 9, 9, 9, 9, 9, 9, 9, 9, 9, 9, 9, 9, 9, 9, 9, 9, 9, 9, 9, 9, 9, 9, 9, 9, 9, 9, 9, 9, 9, 9, 9, 9, 9, 9, 9, 9, 9, 9, 9, 9, 9, 9, 9, 9, 9, 9, 9, 9, 9, 9, 9, 9, 9, 9, 9, 9, 9, 9, 9, 9, 9, 9, 9, 9, 9, 9, 9, 9, 9, 9, 9, 9, 9, 9, 9, 9, 9, 9, 9, 9, 9, 9, 9, 9, 9, 9, 9, 9, 9, 9, 9, 9, 9, 9, 4, 4, 4, 4, 4, 4, 4, 8, 8, 8, 8, 8, 3, 3, 3, 3, 2, 2, 1, 6]}, {'crimea': [9, 9, 9, 9, 9, 9, 9, 9, 9, 9, 9, 9, 9, 9, 9, 9, 9, 9, 9, 9, 9, 9, 9, 9, 9, 3, 3, 3, 8, 8, 4]}]
2018-04-22 16:35:16 D event_num: 8
2018-04-22 16:35:16 D event_num: 8
2018-04-22 16:35:16 D [0, 1] [108, 25] [128, 31]
2018-04-22 16:35:16 D select_one: 0
2018-04-22 16:35:16 D system_group: {'missile': [1, 1, 1, 1, 1, 1, 1, 1, 1, 1, 1, 1, 1, 1, 1, 1, 1, 1, 9, 9, 9, 9, 9, 9, 9, 9, 9, 9, 9, 9, 9, 9, 9, 9, 9, 7, 7, 7, 7, 7, 7, 7, 7, 7, 8, 8, 8, 8, 8, 8, 8, 8, 4, 4, 2], 'turkish': [2, 2, 2, 2, 2, 2, 2, 2, 2, 2, 2, 2, 2, 2, 2, 9, 9, 9, 9, 9, 9, 9, 9, 9, 9, 9, 4, 4, 6], 'catalan': [3, 3, 3, 3, 3, 3, 3, 3, 3, 3, 3, 3, 3, 3, 3, 3, 3, 3, 3, 3, 3, 3, 3, 3, 3, 3, 3, 3, 3, 3, 3, 3, 3, 3, 3, 3, 3, 3, 3, 3, 3, 3, 3, 3, 3, 9, 9, 9, 9, 9, 9, 9, 9, 4], 'brexit': [4, 4, 4, 4, 4, 4, 4, 4, 4, 4, 4, 4, 4, 4, 4, 4, 4, 4, 4, 4, 4, 4, 4, 4, 4, 4, 4, 4, 4, 4, 4, 4, 4, 4, 4, 4, 4, 4, 4, 4, 4, 4, 4, 4, 4, 4, 4, 4, 4, 4, 4, 4, 4, 4, 4, 4, 4, 4, 4, 4, 4, 4, 4, 4, 4, 4, 9, 9, 9, 9, 9, 9, 9, 9, 9, 9, 9, 9, 9, 9, 9, 8, 8, 8, 8, 8, 8, 8, 8, 8, 8, 3, 3, 3, 3, 7, 7, 7, 7, 2, 2, 2, 6, 6], 'gravitational': [5, 5, 5, 5, 5, 5, 5, 5], 'hk': [6, 6, 6, 6, 6, 6, 6, 6, 6, 6, 6, 6, 6, 6, 6, 6, 6, 6, 6, 6, 6, 6, 6, 6, 6, 6, 6, 6, 6, 6, 6, 6, 6, 6, 6, 6, 6, 6, 6, 6, 6, 6, 6, 6, 6, 6, 6, 6, 9, 9, 9, 9, 9, 9, 9, 9, 9, 9, 9, 9, 9, 9, 9, 9, 9, 9], 'sewol': [7, 7, 7, 7, 7, 7, 7, 7, 7, 7, 7, 7, 7, 7], 'syria': [8, 8, 8, 8, 8, 8, 8, 8, 8, 8, 8, 8, 8, 8, 8, 8, 8, 8, 8, 8, 8, 8, 8, 8, 8, 8, 8, 9, 9, 9, 9, 9, 9, 9, 9, 9, 9, 9, 2, 2, 2, 2, 2, 2, 2, 2, 2, 7, 7, 7, 7, 7, 7, 7, 7, 7, 1, 1, 1, 1, 1, 4], 'crimea': [9, 9, 9, 9, 9, 9, 9, 9, 9, 9, 9, 9, 9, 9, 9, 9, 9, 9, 9, 9, 9, 9, 9, 9, 9, 9, 9, 9, 9, 9, 9, 9, 9, 9, 9, 9, 9, 9, 9, 9, 9, 9, 9, 9, 9, 9, 9, 9, 9, 9, 9, 9, 9, 9, 9, 9, 9, 9, 9, 9, 9, 9, 9, 9, 9, 9, 9, 9, 9, 9, 9, 9, 9, 9, 9, 9, 9, 9, 9, 9, 9, 9, 9, 9, 9, 9, 9, 9, 9, 9, 9, 9, 9, 9, 9, 9, 9, 9, 9, 9, 9, 9, 9, 9, 9, 9, 9, 9, 4, 4, 4, 4, 4, 4, 4, 8, 8, 8, 8, 8, 3, 3, 3, 3, 2, 2, 1, 6]}
2018-04-22 16:35:16 D


2018-04-22 16:35:16 I 17
2018-04-22 16:35:16 D [1, 1, 1, 1, 1, 1, 1, 1, 1, 1, 1, 1, 1, 1, 1, 1, 1, 1, 1, 1, 1, 1, 1, 1, 0, 0, 0, 0, 0, 0, 0, 0, 0, 0, 0, 0, 0, 0, 0, 0, 0, 0, 0, 0, 0, 0, 0, 0, 0, 0, 0, 0, 0, 0, 0]
2018-04-22 16:35:16 D [1, 1, 1, 1, 1, 1, 1, 1, 1, 1, 1, 1, 1, 1, 1, 1, 1, 1, 9, 9, 9, 9, 9, 9, 9, 9, 9, 9, 9, 9, 9, 9, 9, 9, 9, 7, 7, 7, 7, 7, 7, 7, 7, 7, 8, 8, 8, 8, 8, 8, 8, 8, 4, 4, 2]
2018-04-22 16:35:16 D xxxx
2018-04-22 16:35:16 I missile,0.32727272727272727,0.32727272727272727,0.32727272727272727,0.32727272727272727
2018-04-22 16:35:16 D [2, 2, 2, 2, 2, 2, 2, 2, 2, 2, 2, 2, 2, 2, 2, 2, 2, 2, 2, 2, 2, 2, 2, 2, 2, 2, 2, 2, 2, 2]
2018-04-22 16:35:16 D [2, 2, 2, 2, 2, 2, 2, 2, 2, 2, 2, 2, 2, 2, 2, 9, 9, 9, 9, 9, 9, 9, 9, 9, 9, 9, 4, 4, 6, 0]
2018-04-22 16:35:16 D xxxx
2018-04-22 16:35:16 I turkish,0.5,0.5,0.5,0.5
2018-04-22 16:35:16 D [3, 3, 3, 3, 3, 3, 3, 3, 3, 3, 3, 3, 3, 3, 3, 3, 3, 3, 3, 3, 3, 3, 3, 3, 3, 3, 3, 3, 3, 3, 3, 3, 3, 3, 3, 3, 3, 3, 3, 3, 3, 3, 3, 3, 3, 3, 3, 3, 3, 3, 3, 3, 3, 3, 3, 3, 3, 3, 3, 3, 3, 3, 3, 3, 3, 3, 3, 3, 3, 3, 3, 3, 3, 3, 3, 3, 3, 3, 3, 3, 3, 3, 3, 3, 3, 3, 3, 3, 3, 3, 3, 3, 3, 3, 3, 3, 3, 3]
2018-04-22 16:35:16 D [3, 3, 3, 3, 3, 3, 3, 3, 3, 3, 3, 3, 3, 3, 3, 3, 3, 3, 3, 3, 3, 3, 3, 3, 3, 3, 3, 3, 3, 3, 3, 3, 3, 3, 3, 3, 3, 3, 3, 3, 3, 3, 3, 3, 3, 9, 9, 9, 9, 9, 9, 9, 9, 4, 0, 0, 0, 0, 0, 0, 0, 0, 0, 0, 0, 0, 0, 0, 0, 0, 0, 0, 0, 0, 0, 0, 0, 0, 0, 0, 0, 0, 0, 0, 0, 0, 0, 0, 0, 0, 0, 0, 0, 0, 0, 0, 0, 0]
2018-04-22 16:35:16 D xxxx
2018-04-22 16:35:16 I catalan,0.45918367346938777,0.45918367346938777,0.45918367346938777,0.45918367346938777
2018-04-22 16:35:16 D [4, 4, 4, 4, 4, 4, 4, 4, 4, 4, 4, 4, 4, 4, 4, 4, 4, 4, 4, 4, 4, 4, 4, 4, 4, 4, 4, 4, 4, 4, 4, 4, 4, 4, 4, 4, 4, 4, 4, 4, 4, 4, 4, 4, 4, 4, 4, 4, 4, 4, 4, 4, 4, 4, 4, 4, 4, 4, 4, 4, 4, 4, 4, 4, 4, 4, 4, 4, 4, 4, 4, 4, 4, 4, 4, 4, 4, 4, 4, 4, 4, 4, 4, 4, 4, 4, 4, 4, 4, 4, 4, 4, 4, 4, 4, 4, 4, 4, 4, 4, 4, 4, 4, 4, 4, 4, 4, 4, 4, 4, 4, 4, 4, 4, 4, 4, 4, 4, 4, 4, 4, 4, 4, 4, 4, 4, 4, 4, 4, 4, 4, 4, 4, 4, 4, 4, 4, 4, 4, 4]
2018-04-22 16:35:16 D [4, 4, 4, 4, 4, 4, 4, 4, 4, 4, 4, 4, 4, 4, 4, 4, 4, 4, 4, 4, 4, 4, 4, 4, 4, 4, 4, 4, 4, 4, 4, 4, 4, 4, 4, 4, 4, 4, 4, 4, 4, 4, 4, 4, 4, 4, 4, 4, 4, 4, 4, 4, 4, 4, 4, 4, 4, 4, 4, 4, 4, 4, 4, 4, 4, 4, 9, 9, 9, 9, 9, 9, 9, 9, 9, 9, 9, 9, 9, 9, 9, 8, 8, 8, 8, 8, 8, 8, 8, 8, 8, 3, 3, 3, 3, 7, 7, 7, 7, 2, 2, 2, 6, 6, 0, 0, 0, 0, 0, 0, 0, 0, 0, 0, 0, 0, 0, 0, 0, 0, 0, 0, 0, 0, 0, 0, 0, 0, 0, 0, 0, 0, 0, 0, 0, 0, 0, 0, 0, 0]
2018-04-22 16:35:16 D xxxx
2018-04-22 16:35:16 I brexit,0.4714285714285714,0.4714285714285714,0.4714285714285714,0.4714285714285714
2018-04-22 16:35:16 D [5, 5, 5, 5, 5, 5, 5, 5, 5, 5, 5]
2018-04-22 16:35:16 D [5, 5, 5, 5, 5, 5, 5, 5, 0, 0, 0]
2018-04-22 16:35:16 D xxxx
2018-04-22 16:35:16 I gravitational,0.7272727272727273,0.7272727272727273,0.7272727272727273,0.7272727272727273
2018-04-22 16:35:16 D [6, 6, 6, 6, 6, 6, 6, 6, 6, 6, 6, 6, 6, 6, 6, 6, 6, 6, 6, 6, 6, 6, 6, 6, 6, 6, 6, 6, 6, 6, 6, 6, 6, 6, 6, 6, 6, 6, 6, 6, 6, 6, 6, 6, 6, 6, 6, 6, 6, 6, 6, 6, 6, 6, 6, 6, 6, 6, 6, 6, 6, 6, 6, 6, 6, 6, 6, 6, 6, 6, 6, 6, 6, 6, 6, 6, 6, 6, 6, 6, 6]
2018-04-22 16:35:16 D [6, 6, 6, 6, 6, 6, 6, 6, 6, 6, 6, 6, 6, 6, 6, 6, 6, 6, 6, 6, 6, 6, 6, 6, 6, 6, 6, 6, 6, 6, 6, 6, 6, 6, 6, 6, 6, 6, 6, 6, 6, 6, 6, 6, 6, 6, 6, 6, 9, 9, 9, 9, 9, 9, 9, 9, 9, 9, 9, 9, 9, 9, 9, 9, 9, 9, 0, 0, 0, 0, 0, 0, 0, 0, 0, 0, 0, 0, 0, 0, 0]
2018-04-22 16:35:16 D xxxx
2018-04-22 16:35:16 I hk,0.5925925925925926,0.5925925925925926,0.5925925925925926,0.5925925925925926
2018-04-22 16:35:16 D [7, 7, 7, 7, 7, 7, 7, 7, 7, 7, 7, 7, 7, 7, 7, 7, 7, 7, 7, 7, 7, 7, 7, 7, 7, 7, 7, 7, 7, 7, 7, 7, 7, 7, 7, 7, 7, 7]
2018-04-22 16:35:16 D [7, 7, 7, 7, 7, 7, 7, 7, 7, 7, 7, 7, 7, 7, 0, 0, 0, 0, 0, 0, 0, 0, 0, 0, 0, 0, 0, 0, 0, 0, 0, 0, 0, 0, 0, 0, 0, 0]
2018-04-22 16:35:16 D xxxx
2018-04-22 16:35:16 I sewol,0.3684210526315789,0.3684210526315789,0.3684210526315789,0.3684210526315789
2018-04-22 16:35:16 D [8, 8, 8, 8, 8, 8, 8, 8, 8, 8, 8, 8, 8, 8, 8, 8, 8, 8, 8, 8, 8, 8, 8, 8, 8, 8, 8, 8, 8, 8, 8, 8, 8, 8, 8, 8, 8, 8, 8, 8, 8, 8, 8, 8, 8, 8, 8, 8, 8, 8, 8, 8, 8, 8, 8, 8, 8, 8, 8, 0, 0, 0]
2018-04-22 16:35:16 D [8, 8, 8, 8, 8, 8, 8, 8, 8, 8, 8, 8, 8, 8, 8, 8, 8, 8, 8, 8, 8, 8, 8, 8, 8, 8, 8, 9, 9, 9, 9, 9, 9, 9, 9, 9, 9, 9, 2, 2, 2, 2, 2, 2, 2, 2, 2, 7, 7, 7, 7, 7, 7, 7, 7, 7, 1, 1, 1, 1, 1, 4]
2018-04-22 16:35:16 D xxxx
2018-04-22 16:35:16 I syria,0.43548387096774194,0.43548387096774194,0.43548387096774194,0.43548387096774194
2018-04-22 16:35:16 D [9, 9, 9, 9, 9, 9, 9, 9, 9, 9, 9, 9, 9, 9, 9, 9, 9, 9, 9, 9, 9, 9, 9, 9, 9, 9, 9, 9, 9, 9, 9, 9, 9, 9, 9, 9, 9, 9, 9, 9, 9, 9, 9, 9, 9, 9, 9, 9, 9, 9, 9, 9, 9, 9, 9, 9, 9, 9, 9, 9, 9, 9, 9, 9, 9, 9, 9, 9, 9, 9, 9, 9, 9, 9, 9, 9, 9, 9, 9, 9, 9, 9, 9, 9, 9, 9, 9, 9, 9, 9, 9, 9, 9, 9, 9, 9, 9, 9, 9, 9, 9, 9, 9, 9, 9, 9, 9, 9, 9, 9, 9, 9, 9, 9, 9, 9, 9, 9, 9, 9, 9, 9, 9, 9, 9, 9, 9, 9, 9, 9, 9, 9, 9, 9, 9, 9, 9, 9, 9, 9, 9, 9, 9, 9, 9, 9, 9, 9, 9, 9, 9, 9, 9, 9, 9, 9, 9, 9, 9, 9, 9, 9, 9, 9, 9, 9, 9, 9, 9, 9, 9, 9, 9, 9, 9, 9, 9, 9, 9, 9, 9, 9, 9, 9, 9, 9, 9, 9, 9, 9, 9, 9, 9, 9, 9, 9, 9, 9, 9, 9, 9, 9, 9, 9, 9, 9, 9, 9, 9, 9, 9, 9, 9, 9, 9, 9, 9, 9, 9, 9, 9, 9, 9, 9, 9, 9, 9, 9, 9, 9, 9, 9, 9, 9, 9, 9]
2018-04-22 16:35:16 D [9, 9, 9, 9, 9, 9, 9, 9, 9, 9, 9, 9, 9, 9, 9, 9, 9, 9, 9, 9, 9, 9, 9, 9, 9, 9, 9, 9, 9, 9, 9, 9, 9, 9, 9, 9, 9, 9, 9, 9, 9, 9, 9, 9, 9, 9, 9, 9, 9, 9, 9, 9, 9, 9, 9, 9, 9, 9, 9, 9, 9, 9, 9, 9, 9, 9, 9, 9, 9, 9, 9, 9, 9, 9, 9, 9, 9, 9, 9, 9, 9, 9, 9, 9, 9, 9, 9, 9, 9, 9, 9, 9, 9, 9, 9, 9, 9, 9, 9, 9, 9, 9, 9, 9, 9, 9, 9, 9, 4, 4, 4, 4, 4, 4, 4, 8, 8, 8, 8, 8, 3, 3, 3, 3, 2, 2, 1, 6, 0, 0, 0, 0, 0, 0, 0, 0, 0, 0, 0, 0, 0, 0, 0, 0, 0, 0, 0, 0, 0, 0, 0, 0, 0, 0, 0, 0, 0, 0, 0, 0, 0, 0, 0, 0, 0, 0, 0, 0, 0, 0, 0, 0, 0, 0, 0, 0, 0, 0, 0, 0, 0, 0, 0, 0, 0, 0, 0, 0, 0, 0, 0, 0, 0, 0, 0, 0, 0, 0, 0, 0, 0, 0, 0, 0, 0, 0, 0, 0, 0, 0, 0, 0, 0, 0, 0, 0, 0, 0, 0, 0, 0, 0, 0, 0, 0, 0, 0, 0, 0, 0, 0, 0, 0, 0, 0, 0]
2018-04-22 16:35:16 D xxxx
2018-04-22 16:35:16 I crimea,0.4576271186440678,0.4576271186440678,0.4576271186440678,0.4576271186440678

Process finished with exit code 0
